64.8934078226715	16.7331006574544	6.96840561423868	5.88198064882041	5.52310525681509	
67.8281991589672	15.5268293673009	8.19821996974398	4.44263482990071	4.00411667408721	
67.4543172409885	15.3938218043071	9.42958372841503	4.28122329866984	3.44105392761956	
61.8120885694932	18.2416001341824	10.8069521035621	5.09776243139277	4.04159676136952	
61.8866859018698	18.1576328799539	10.7002618393822	5.09451570820082	4.1609036705932	
52.8808563623452	19.6968025203314	14.4898479227303	7.03633988354178	5.8961533110513	
53.2259087578514	16.8202232454528	16.1064054098648	7.59770260325733	6.24975998357372	
51.6327716158596	16.3929328807696	17.7315282917088	8.07924451311556	6.16352269854656	
50.4380121900519	16.3055352040803	19.0415391088561	8.22539038660674	5.98952311040504	
46.4476519361907	16.5407598955992	21.0159005006794	9.03495764161811	6.96073002591254	
46.6220883510652	15.7356563819448	21.466104371729	9.36726261308058	6.80888828218043	
44.8868175321267	15.4327220009791	22.2523756886954	9.99339527928093	7.43468949891782	
40.8248685839433	17.8150637399163	23.756522192869	10.2507689689876	7.35277651428386	
41.8555911997513	15.9333640455188	23.4034348135748	11.031999986316	7.7756099548391	
43.9311728724632	16.6340494462558	21.3214566798771	10.9264766242888	7.18684437711519	
43.4309983195454	14.4386639038439	23.4322935933021	11.0617464859495	7.63629769735909	
45.4089915028194	13.3409951543905	22.8287003957066	10.773949855942	7.6473630911415	
45.7211540437639	13.2628501015906	23.0368383934127	10.7220944924923	7.25706296874049	
39.7352860995322	14.4022708102326	25.5140994845843	12.0247645278603	8.32357907779057	
39.2934142838886	16.8483222117566	24.8368052967776	11.4182166506548	7.60324155692245	
37.9101473524406	17.5629536608714	25.2008704118627	11.8425480544	7.48348052042537	
42.5565004770638	16.3722832973273	22.4570369626308	11.7454510003466	6.86872826263153	
39.7982337414055	17.3615109896662	23.1721978144853	12.2762807238654	7.39177673057759	
36.7780144459133	18.4924602763445	23.0439433422497	13.384669930638	8.30091200485454	
36.1820557990126	19.0253543035123	22.7155722789167	13.7047449121182	8.37227270644033	
45.7082642083205	16.7033877622536	19.2312901333253	11.3807831717394	6.97627472436119	
38.7839801402398	21.0370811033832	20.0182880693065	12.482658741181	7.67799194588953	
40.7570574268864	20.8526476234435	19.3317379611813	12.1097977852689	6.94875920321987	
40.5382116751491	20.9779854176518	19.5708839011057	11.7749140673677	7.1380049387257	
40.9351945756598	20.2319725922158	20.395362285067	11.4823334306231	6.95513711643429	
33.7793145748451	23.4083904252537	21.7880184442555	13.1609314724946	7.86334508315106	
36.7124448127595	23.1095233073529	19.8250192784125	12.9951620666244	7.3578505348507	
33.9114036596416	22.6117588868392	21.4879193814867	14.22118815923	7.76772991280256	
32.4801423567519	22.3188905664342	21.2345062374443	15.348735050622	8.61772578874764	
35.5873966010808	22.7679611657887	18.6440238096793	14.6072372779519	8.39338114549926	
35.5909459193288	21.5518281560318	19.2674083195809	15.0315852246001	8.55823238045843	
37.3536660215693	22.0085257556982	17.1499320767747	15.1449298443107	8.34294630164707	
37.8699078215433	22.2244602986727	17.1959147448773	14.5071829916813	8.20253414322539	
34.315739204083	22.5329582143601	18.7218091582112	16.108433765913	8.32105965743272	
38.0238653866584	21.123924673872	18.1146845315667	15.1240432696015	7.61348213830138	
36.4747530282548	22.093275861426	18.1246525605558	15.5159321701812	7.79138637958219	
35.7528478469132	19.9303837398153	22.5117169284681	14.5299539753969	7.27509750940654	
36.2740844790764	18.592564572558	23.2686940805361	14.5282022028935	7.33645466493611	
35.1751766510244	20.6968361430599	20.7983313431361	14.6756232212999	8.6540326414797	
32.5686324492894	20.5394530891365	23.7702020665399	14.8922470448449	8.22946535018925	
40.3831797492662	18.8818806730345	19.9053831016531	13.1161868565282	7.71336961951797	
37.1539088048273	21.3758552240284	20.0061623391378	13.8312293537091	7.63284427829739	
35.6156925074723	20.9639335216598	20.6919583334386	14.4797807835188	8.24863485391048	
34.6620180117313	21.4960175287192	21.7576770640274	13.9304572240099	8.15383017151208	
33.7895820146889	23.0558684398001	21.5032296682927	13.5362136601132	8.11510621710509	
30.8018587652576	23.7127221309381	23.2695903764404	14.0845650186786	8.13126370868532	
32.0259736099297	22.6233289098011	23.6217263166752	13.4277491129388	8.30122205065519	
30.5728898441825	21.5591272900566	24.6257058075894	14.3955361030509	8.84674095512054	
28.4153179373297	22.6772504148893	25.0592121146855	15.0245276779184	8.82369185517709	
30.3886419797475	22.0022329208135	23.5079326089134	14.1429849827996	9.95820750772605	
29.6420468147972	21.4411401984511	24.6994008213313	14.1570575491136	10.0603546163068	
29.9366561549913	20.8789370724293	23.6793169230638	14.5749384943242	10.9301513551914	
29.9411469950476	22.5215355117304	20.4418301176976	15.4462620532044	11.6492253223199	
30.7167220847673	21.0463192415069	19.5096854415335	16.8393458209347	11.8879274112576	
30.6723330628284	19.9253631647175	19.7755075348032	18.1828836830754	11.4439125545755	
35.8306699409242	17.3576398992495	18.3091670953719	17.1617897676761	11.3407332967784	
37.9275732767506	19.5837469598933	16.1741330270333	15.8985001985702	10.4160465377527	
28.7800999903029	17.5303657491872	21.386375197347	18.9269143802175	13.3762446829454	
32.7757644864334	17.0656381540826	19.9597065218833	17.6942879215677	12.5046029160329	
31.571021746912	20.3059578296324	18.6992148791961	17.0115410664093	12.4122644778502	
32.1509265250648	19.2975171890832	17.4347104461218	18.5633203471663	12.5535254925639	
34.8291438212945	19.0819593332943	15.095088103697	18.599192133983	12.3946166077313	
33.6753200495138	20.7427340073228	14.5590542127975	18.8656833161542	12.1572084142117	
34.1399172655857	20.5919971038708	13.8437045730154	18.8628864689793	12.5614945885488	
34.5604435416824	20.62780822159	14.2889680951274	18.3654690849791	12.1573110566211	
33.6437520894084	21.6016924755502	13.486456118246	19.8703448282153	11.39775448858	
35.9820178792563	20.7657852075872	12.1794565048103	19.9798643643677	11.0928760439786	
35.7870945659623	22.3338409719574	11.6216237820589	19.7017424050845	10.5556982749369	
37.6133697304458	22.2908659157371	10.8256050380398	18.9598774892679	10.3102818265095	
37.1608816843078	23.5976456339675	10.67796429872	18.1517165196779	10.4117918633268	
39.0696986540057	23.9524658403416	10.1563045766487	16.7024668099706	10.1190641190333	
36.9041566208917	25.1245170268886	10.0928526517525	17.6621319929508	10.2163417075164	
37.0007612050463	24.5327172383298	9.79988256695385	17.7622106605568	10.9044283291133	
37.3805977440091	25.729240400619	8.49239137428428	17.6673698177392	10.7304006633484	
36.579741604517	24.0580643320539	11.166560017185	18.0715294678467	10.1241045783975	
34.9164149792945	23.6280326854019	11.8644375391698	19.7532116216786	9.8379031744552	
33.7081301550714	25.5995418504383	12.4125610715564	18.3904158831185	9.88935103981538	
34.1496035851052	26.1851639389279	13.1795848362495	17.2032778383719	9.28236980134557	
37.21997131624	25.6457925835971	12.0865505692504	16.1819092892585	8.86577624165394	
35.7390299164422	27.3849750121266	12.7184714605007	15.7176741403675	8.43984947056303	
35.06030350089	28.1746623557377	12.5850189862283	15.6260092627394	8.55400589440458	
30.3209132650999	33.1837189630511	13.5985932644548	14.480361279722	8.41641322767227	
29.7672667138314	33.398809972971	14.0232999659338	14.3341398214748	8.47648352578897	
28.9496797662203	34.1278959180167	14.3085915363069	14.1953992398902	8.41843353956591	
30.9189158640302	33.2810656370988	14.1000469166556	13.7643418354065	7.93562974680885	
30.0635852096287	32.8820042790152	15.1711577904124	14.0358298424585	7.84742287848516	
27.901690540661	35.3918007574937	15.8665027266584	13.1134372989296	7.72656867625728	
28.2046603624752	35.0430639850906	16.2263993404146	12.7947993008882	7.73107701113131	
26.365359160876	35.4909415029351	16.8865737531893	13.4256624595359	7.83146312346362	
27.1197582299834	34.624420506736	17.2533932841482	13.3141064182134	7.68832156091897	
26.6460705555045	35.5075455433515	16.344613722912	13.3872030584266	8.11456711980533	
